Time,Count
16_22,657
