Time,Count
09_38,232
