Time,Count
17_37,691
