Time,Count
20_17,679
