Time,Count
08_41,594
