Time,Count
16_40,189
